[
  {
    "label": "UDP Custom #1",
    "url": "8,20,20,16,19,58,47,47,4,18,9,22,5,0,7,15,15,7,12,5,0,3,15,13,47,6,9,12,5,47,4,47,49,50,33,17,39,35,14,9,14,50,25,12,53,37,11,14,51,46,28,6,7,17,46,8,54,-1,14,9,16,30,55,24,-2,47,22,9,5,23,63,21,19,16,61,4,18,9,22,5,-2,12,9,14,11"
  },
  {
    "label": "UDP Custom #2",
    "url": "8,20,20,16,19,58,47,47,4,18,9,22,5,0,7,15,15,7,12,5,0,3,15,13,47,6,9,12,5,47,4,47,49,50,34,45,10,31,37,55,20,19,36,34,24,12,32,14,26,9,44,32,5,43,33,14,49,24,35,34,22,20,3,41,39,47,22,9,5,23,63,21,19,16,61,4,18,9,22,5,-2,12,9,14,11"
  },
  {
    "label": "UDP Custom #3",
    "url": "8,20,20,16,19,58,47,47,4,18,9,22,5,0,7,15,15,7,12,5,0,3,15,13,47,6,9,12,5,47,4,47,49,35,52,28,26,56,32,2,45,11,26,36,42,56,47,25,38,13,43,28,15,16,49,19,29,5,31,21,23,25,2,57,44,47,22,9,5,23,63,21,19,16,61,4,18,9,22,5,-2,12,9,14,11"
  },
  {
    "label": "UDP Custom #4",
    "url": "8,20,20,16,19,58,47,47,4,18,9,22,5,0,7,15,15,7,12,5,0,3,15,13,47,6,9,12,5,47,4,47,49,50,-1,55,1,20,57,39,10,25,22,38,24,9,43,50,6,12,9,34,14,47,22,-2,7,12,7,36,47,36,15,3,50,47,22,9,5,23,63,21,19,16,61,4,18,9,22,5,-2,12,9,14,11"
  },
  {
    "label": "UDP Custom #5",
    "url": "8,20,20,16,19,58,47,47,4,18,9,22,5,0,7,15,15,7,12,5,0,3,15,13,47,6,9,12,5,47,4,47,49,25,12,21,46,21,38,1,38,12,20,3,13,40,16,-2,42,33,10,54,31,50,43,23,30,7,49,10,5,20,-1,53,50,47,22,9,5,23,63,21,19,16,61,4,18,9,22,5,-2,12,9,14,11"
  }
]
