[
  {
    "label": "UDP REQUEST #1",
    "url": "8,20,20,16,19,58,47,47,4,18,9,22,5,0,7,15,15,7,12,5,0,3,15,13,47,6,9,12,5,47,4,47,49,34,23,48,50,42,4,41,20,8,51,28,7,50,41,37,26,34,22,25,31,55,29,45,37,12,52,52,3,22,27,37,18,47,22,9,5,23,63,21,19,16,61,4,18,9,22,5,-2,12,9,14,11"
  },
  {
    "label": "UDP REQUEST #2",
    "url": "8,20,20,16,19,58,47,47,4,18,9,22,5,0,7,15,15,7,12,5,0,3,15,13,47,6,9,12,5,47,4,47,49,8,38,29,40,54,48,19,29,11,28,6,51,-2,29,51,14,52,43,11,13,53,42,56,35,21,3,27,1,22,46,48,26,47,22,9,5,23,63,21,19,16,61,4,18,9,22,5,-2,12,9,14,11"
  },
  {
    "label": "UDP REQUEST #3",
    "url": "8,20,20,16,19,58,47,47,4,18,9,22,5,0,7,15,15,7,12,5,0,3,15,13,47,6,9,12,5,47,4,47,49,53,16,51,53,20,44,42,5,48,22,20,6,44,12,7,27,8,54,53,49,53,-1,20,29,53,37,36,53,13,21,1,27,47,22,9,5,23,63,21,19,16,61,4,18,9,22,5,-2,12,9,14,11"
  },
  {
    "label": "UDP REQUEST #4",
    "url": "8,20,20,16,19,58,47,47,4,18,9,22,5,0,7,15,15,7,12,5,0,3,15,13,47,6,9,12,5,47,4,47,49,45,39,4,54,20,2,8,27,7,35,3,-1,8,56,27,49,21,25,53,20,48,-2,51,23,5,9,39,52,52,44,-2,7,47,22,9,5,23,63,21,19,16,61,4,18,9,22,5,-2,12,9,14,11"
  },
  {
    "label": "UDP REQUEST #5",
    "url": "8,20,20,16,19,58,47,47,4,18,9,22,5,0,7,15,15,7,12,5,0,3,15,13,47,6,9,12,5,47,4,47,49,22,29,12,51,56,19,23,7,22,34,27,14,4,43,28,49,46,10,36,51,47,19,47,14,42,30,46,16,33,3,56,32,47,22,9,5,23,63,21,19,16,61,4,18,9,22,5,-2,12,9,14,11"
  }
]
